SBT-raytracer 1.0

camera { fov=30; }

directional_light { direction=(-1,-1,-1); color=(0.7,0.7,0.7); }

transform(
    (-1.000000,0.000000,0.000000,0.000000),
    (0.000000,-0.644218,0.764842,5.353896),
     (0.000000,0.764842,0.644218,-40.490475),
    (0.000000,0.000000,0.000000,1.000000),
cone { height=3.000000; bottom_radius=0.750000; top_radius=1.500000;
material={
    diffuse=(0.000000,0.000000,1.000000);
    ambient=(0.000000,0.000000,1.000000);
}
})
transform(
    (-1.000000,0.000000,0.000000,0.000000),
    (0.000000,-0.644218,0.764842,7.648422),
     (0.000000,0.764842,0.644218,-38.557823),
    (0.000000,0.000000,0.000000,1.000000),
cone { height=1.653571; bottom_radius=0.275595; top_radius=0.413393;
material={
    diffuse=(1.000000,0.000000,0.000000);
    ambient=(1.000000,0.000000,0.000000);
}
})
transform(
    (-1.000000,0.000000,-0.000000,-0.250000),
    (0.000000,0.764842,0.644218,8.332670),
     (0.000000,0.644218,-0.764842,-37.197014),
    (0.000000,0.000000,0.000000,1.000000),
cone { height=0.500000; bottom_radius=0.100000; top_radius=0.100000;
material={
    diffuse=(1.000000,1.000000,0.000000);
    ambient=(1.000000,1.000000,0.000000);
}
})
transform(
    (-1.000000,0.000000,0.000000,0.250000),
    (0.000000,0.764842,0.644218,8.332670),
     (0.000000,0.644218,-0.764842,-37.197014),
    (0.000000,0.000000,0.000000,1.000000),
cone { height=0.500000; bottom_radius=0.100000; top_radius=0.100000;
material={
    diffuse=(1.000000,1.000000,0.000000);
    ambient=(1.000000,1.000000,0.000000);
}
})
transform(
    (-1.000000,0.000000,0.000000,-1.500000),
    (0.000000,0.764842,0.644218,7.648422),
     (0.000000,0.644218,-0.764842,-38.557823),
    (0.000000,0.000000,0.000000,1.000000),
scale(0.500000,0.500000,0.500000,sphere {
material={
    diffuse=(0.000000,1.000000,1.000000);
    ambient=(0.000000,1.000000,1.000000);
}
}))
transform(
    (-1.000000,0.000000,0.000000,-1.500000),
    (0.000000,0.764842,0.644218,6.118738),
     (0.000000,0.644218,-0.764842,-39.846260),
    (0.000000,0.000000,0.000000,1.000000),
scale(0.500000,0.500000,0.500000,sphere {
material={
    diffuse=(1.000000,0.000000,0.000000);
    ambient=(1.000000,0.000000,0.000000);
}
}))
transform(
    (-1.000000,0.000000,0.000000,-1.500000),
    (0.000000,0.764842,0.644218,4.589053),
     (0.000000,0.644218,-0.764842,-41.134697),
    (0.000000,0.000000,0.000000,1.000000),
scale(0.500000,0.500000,0.500000,sphere {
material={
    diffuse=(1.000000,0.000000,0.000000);
    ambient=(1.000000,0.000000,0.000000);
}
}))
transform(
    (-1.000000,0.000000,0.000000,-2.000000),
    (0.000000,0.644218,-0.764842,4.589053),
     (0.000000,-0.764842,-0.644218,-41.134697),
    (0.000000,0.000000,0.000000,1.000000),
cone { height=0.800000; bottom_radius=0.100000; top_radius=0.100000;
material={
    diffuse=(1.000000,0.000000,0.000000);
    ambient=(1.000000,0.000000,0.000000);
}
})
transform(
    (-1.000000,0.000000,0.000000,-1.750000),
    (0.000000,0.644218,-0.764842,4.589053),
     (0.000000,-0.764842,-0.644218,-41.134697),
    (0.000000,0.000000,0.000000,1.000000),
cone { height=0.800000; bottom_radius=0.100000; top_radius=0.100000;
material={
    diffuse=(1.000000,0.000000,0.000000);
    ambient=(1.000000,0.000000,0.000000);
}
})
transform(
    (-1.000000,0.000000,0.000000,-1.500000),
    (0.000000,0.644218,-0.764842,4.589053),
     (0.000000,-0.764842,-0.644218,-41.134697),
    (0.000000,0.000000,0.000000,1.000000),
cone { height=0.800000; bottom_radius=0.100000; top_radius=0.100000;
material={
    diffuse=(1.000000,0.000000,0.000000);
    ambient=(1.000000,0.000000,0.000000);
}
})
transform(
    (-1.000000,0.000000,0.000000,-1.250000),
    (0.000000,0.644218,-0.764842,4.589053),
     (0.000000,-0.764842,-0.644218,-41.134697),
    (0.000000,0.000000,0.000000,1.000000),
cone { height=0.800000; bottom_radius=0.100000; top_radius=0.100000;
material={
    diffuse=(1.000000,0.000000,0.000000);
    ambient=(1.000000,0.000000,0.000000);
}
})
transform(
    (-1.000000,0.000000,0.000000,-1.000000),
    (0.000000,0.644218,-0.764842,4.589053),
     (0.000000,-0.764842,-0.644218,-41.134697),
    (0.000000,0.000000,0.000000,1.000000),
cone { height=0.800000; bottom_radius=0.100000; top_radius=0.100000;
material={
    diffuse=(1.000000,0.000000,0.000000);
    ambient=(1.000000,0.000000,0.000000);
}
})
transform(
    (-1.000000,0.000000,0.000000,1.500000),
    (0.000000,0.764842,0.644218,7.648422),
     (0.000000,0.644218,-0.764842,-38.557823),
    (0.000000,0.000000,0.000000,1.000000),
scale(0.500000,0.500000,0.500000,sphere {
material={
    diffuse=(0.000000,1.000000,1.000000);
    ambient=(0.000000,1.000000,1.000000);
}
}))
transform(
    (-1.000000,0.000000,0.000000,1.500000),
    (0.000000,0.764842,0.644218,6.118738),
     (0.000000,0.644218,-0.764842,-39.846260),
    (0.000000,0.000000,0.000000,1.000000),
scale(0.500000,0.500000,0.500000,sphere {
material={
    diffuse=(1.000000,0.000000,0.000000);
    ambient=(1.000000,0.000000,0.000000);
}
}))
transform(
    (-1.000000,0.000000,0.000000,1.500000),
    (0.000000,0.764842,0.644218,4.589053),
     (0.000000,0.644218,-0.764842,-41.134697),
    (0.000000,0.000000,0.000000,1.000000),
scale(0.500000,0.500000,0.500000,sphere {
material={
    diffuse=(1.000000,0.000000,0.000000);
    ambient=(1.000000,0.000000,0.000000);
}
}))
transform(
    (-1.000000,0.000000,0.000000,1.000000),
    (0.000000,0.644218,-0.764842,4.589053),
     (0.000000,-0.764842,-0.644218,-41.134697),
    (0.000000,0.000000,0.000000,1.000000),
cone { height=0.800000; bottom_radius=0.100000; top_radius=0.100000;
material={
    diffuse=(1.000000,0.000000,0.000000);
    ambient=(1.000000,0.000000,0.000000);
}
})
transform(
    (-1.000000,0.000000,0.000000,1.250000),
    (0.000000,0.644218,-0.764842,4.589053),
     (0.000000,-0.764842,-0.644218,-41.134697),
    (0.000000,0.000000,0.000000,1.000000),
cone { height=0.800000; bottom_radius=0.100000; top_radius=0.100000;
material={
    diffuse=(1.000000,0.000000,0.000000);
    ambient=(1.000000,0.000000,0.000000);
}
})
transform(
    (-1.000000,0.000000,0.000000,1.500000),
    (0.000000,0.644218,-0.764842,4.589053),
     (0.000000,-0.764842,-0.644218,-41.134697),
    (0.000000,0.000000,0.000000,1.000000),
cone { height=0.800000; bottom_radius=0.100000; top_radius=0.100000;
material={
    diffuse=(1.000000,0.000000,0.000000);
    ambient=(1.000000,0.000000,0.000000);
}
})
transform(
    (-1.000000,0.000000,0.000000,1.750000),
    (0.000000,0.644218,-0.764842,4.589053),
     (0.000000,-0.764842,-0.644218,-41.134697),
    (0.000000,0.000000,0.000000,1.000000),
cone { height=0.800000; bottom_radius=0.100000; top_radius=0.100000;
material={
    diffuse=(1.000000,0.000000,0.000000);
    ambient=(1.000000,0.000000,0.000000);
}
})
transform(
    (-1.000000,0.000000,0.000000,2.000000),
    (0.000000,0.644218,-0.764842,4.589053),
     (0.000000,-0.764842,-0.644218,-41.134697),
    (0.000000,0.000000,0.000000,1.000000),
cone { height=0.800000; bottom_radius=0.100000; top_radius=0.100000;
material={
    diffuse=(1.000000,0.000000,0.000000);
    ambient=(1.000000,0.000000,0.000000);
}
})
transform(
    (-1.000000,0.000000,0.000000,2.000000),
    (0.000000,0.644218,-0.764842,4.589053),
     (0.000000,-0.764842,-0.644218,-41.134697),
    (0.000000,0.000000,0.000000,1.000000),
cone { height=0.800000; bottom_radius=0.100000; top_radius=0.100000;
material={
    diffuse=(1.000000,0.000000,0.000000);
    ambient=(1.000000,0.000000,0.000000);
}
})
transform(
    (-1.000000,0.000000,0.000000,0.375000),
    (0.000000,0.764842,0.644218,5.353896),
     (0.000000,0.644218,-0.764842,-40.490475),
    (0.000000,0.000000,0.000000,1.000000),
scale(0.500000,0.500000,0.500000,sphere {
material={
    diffuse=(1.000000,0.000000,0.000000);
    ambient=(1.000000,0.000000,0.000000);
}
}))
transform(
    (-1.000000,0.000000,0.000000,0.375000),
    (0.000000,0.764842,0.644218,3.824211),
     (0.000000,0.644218,-0.764842,-41.778912),
    (0.000000,0.000000,0.000000,1.000000),
scale(0.500000,0.500000,0.500000,sphere {
material={
    diffuse=(1.000000,0.000000,0.000000);
    ambient=(1.000000,0.000000,0.000000);
}
}))
transform(
    (-1.000000,0.000000,0.000000,0.375000),
    (0.000000,0.764842,0.644218,2.294527),
     (0.000000,0.644218,-0.764842,-43.067348),
    (0.000000,0.000000,0.000000,1.000000),
scale(0.500000,0.500000,0.500000,sphere {
material={
    diffuse=(1.000000,0.000000,0.000000);
    ambient=(1.000000,0.000000,0.000000);
}
}))
transform(
    (-1.000000,0.000000,0.000000,0.125000),
    (0.000000,-0.764842,-0.644218,1.525575),
     (0.000000,-0.644218,0.764842,-42.930553),
    (0.000000,0.000000,0.000000,1.000000),
cone { height=0.600000; bottom_radius=0.100000; top_radius=0.100000;
material={
    diffuse=(1.000000,0.000000,0.000000);
    ambient=(1.000000,0.000000,0.000000);
}
})
transform(
    (-1.000000,0.000000,0.000000,0.375000),
    (0.000000,-0.764842,-0.644218,1.525575),
     (0.000000,-0.644218,0.764842,-42.930553),
    (0.000000,0.000000,0.000000,1.000000),
cone { height=0.600000; bottom_radius=0.100000; top_radius=0.100000;
material={
    diffuse=(1.000000,0.000000,0.000000);
    ambient=(1.000000,0.000000,0.000000);
}
})
transform(
    (-1.000000,0.000000,0.000000,0.625000),
    (0.000000,-0.764842,-0.644218,1.525575),
     (0.000000,-0.644218,0.764842,-42.930553),
    (0.000000,0.000000,0.000000,1.000000),
cone { height=0.600000; bottom_radius=0.100000; top_radius=0.100000;
material={
    diffuse=(1.000000,0.000000,0.000000);
    ambient=(1.000000,0.000000,0.000000);
}
})
transform(
    (-1.000000,0.000000,0.000000,-0.375000),
    (0.000000,0.764842,0.644218,5.353896),
     (0.000000,0.644218,-0.764842,-40.490475),
    (0.000000,0.000000,0.000000,1.000000),
scale(0.500000,0.500000,0.500000,sphere {
material={
    diffuse=(1.000000,0.000000,0.000000);
    ambient=(1.000000,0.000000,0.000000);
}
}))
transform(
    (-1.000000,0.000000,0.000000,-0.375000),
    (0.000000,0.764842,0.644218,3.824211),
     (0.000000,0.644218,-0.764842,-41.778912),
    (0.000000,0.000000,0.000000,1.000000),
scale(0.500000,0.500000,0.500000,sphere {
material={
    diffuse=(1.000000,0.000000,0.000000);
    ambient=(1.000000,0.000000,0.000000);
}
}))
transform(
    (-1.000000,0.000000,0.000000,-0.375000),
    (0.000000,0.764842,0.644218,2.294527),
     (0.000000,0.644218,-0.764842,-43.067348),
    (0.000000,0.000000,0.000000,1.000000),
scale(0.500000,0.500000,0.500000,sphere {
material={
    diffuse=(1.000000,0.000000,0.000000);
    ambient=(1.000000,0.000000,0.000000);
}
}))
transform(
    (-1.000000,0.000000,0.000000,-0.625000),
    (0.000000,-0.764842,-0.644218,1.525575),
     (0.000000,-0.644218,0.764842,-42.930553),
    (0.000000,0.000000,0.000000,1.000000),
cone { height=0.600000; bottom_radius=0.100000; top_radius=0.100000;
material={
    diffuse=(1.000000,0.000000,0.000000);
    ambient=(1.000000,0.000000,0.000000);
}
})
transform(
    (-1.000000,0.000000,0.000000,-0.375000),
    (0.000000,-0.764842,-0.644218,1.525575),
     (0.000000,-0.644218,0.764842,-42.930553),
    (0.000000,0.000000,0.000000,1.000000),
cone { height=0.600000; bottom_radius=0.100000; top_radius=0.100000;
material={
    diffuse=(1.000000,0.000000,0.000000);
    ambient=(1.000000,0.000000,0.000000);
}
})
transform(
    (-1.000000,0.000000,0.000000,-0.125000),
    (0.000000,-0.764842,-0.644218,1.525575),
     (0.000000,-0.644218,0.764842,-42.930553),
    (0.000000,0.000000,0.000000,1.000000),
cone { height=0.600000; bottom_radius=0.100000; top_radius=0.100000;
material={
    diffuse=(1.000000,0.000000,0.000000);
    ambient=(1.000000,0.000000,0.000000);
}
})
